powers:[-0.47395499533515206, 0.043464247995295135, 0.808598817394282, 0.006633087865596021, 0.8908300647645444, -0.26817598662246644, 0.5059060589659305, -0.06009471045023518]   Accuracy:0.6069604086845466
powers:[0.32958065312059803, 0.6267809128312396, -0.02504636373030822, 0.4427900878626412, 0.9804507494919636, 0.21650942505558168, 0.2237941842295441, -0.08599770061252565]   Accuracy:0.6031289910600255
powers:[-0.11026177127765435, -0.5537388719071306, 0.5317892914139035, -0.10331316654076983, 0.12009450403752031, -0.11023011600215438, 0.5242984254172598, 0.4167514046274814]   Accuracy:0.6264367816091954
powers:[0.9457508625100859, 0.8644007979688451, 0.25557336059273905, -0.7533487298578807, 0.9332128260543349, -0.9354228756235852, -0.32769483318116843, -0.09587055063841654]   Accuracy:0.6296296296296297
powers:[-0.4079089768409152, -0.005650742744749859, -0.21363145189457167, 0.8521689534343062, -0.2892634003069843, 0.2978340623390019, -0.8543577005783098, -0.18149371232998912]   Accuracy:0.6146232439335888
BEST:  [0.9457508625100859, 0.8644007979688451, 0.25557336059273905, -0.7533487298578807, 0.9332128260543349, -0.9354228756235852, -0.32769483318116843, -0.09587055063841654]   Accuracy:0.6296296296296297
powers:[0.31365713435703335, -0.7184932445059893, -0.19914998495404368, -0.48251043900674495, 0.7448054839115705, 0.40593541909126896, 0.875921400248056, -0.2926066068539015]   Accuracy:0.6219667943805874
powers:[-0.6116462049446358, 0.12575601302104467, 0.355884613723227, 0.5622674954749556, 0.04834974408805692, -0.7016732812487414, 0.6879047548805817, -0.09210527963831994]   Accuracy:0.6091954022988506
powers:[0.06762694879459774, 0.07588862805610819, -0.4796041318537101, -0.7378333028652593, 0.18084010647611137, -0.7759248533470202, 0.6188243259944535, -0.8482245237106534]   Accuracy:0.586845466155811
powers:[-0.5613702955129241, 0.9695843860172895, -0.38126008166469094, 0.19242678920119416, 0.5092346735791926, -0.7628826896512795, -0.6357013183315874, 0.8341436593859457]   Accuracy:0.5941890166028098
powers:[0.09795798214297902, -0.8106703228096073, 0.7769883130572184, 0.4604454714813693, 0.14120726111199522, 0.33740746315266446, 0.30847550854190464, 0.012167577224694082]   Accuracy:0.6021711366538953
BEST:  [0.31365713435703335, -0.7184932445059893, -0.19914998495404368, -0.48251043900674495, 0.7448054839115705, 0.40593541909126896, 0.875921400248056, -0.2926066068539015]   Accuracy:0.6219667943805874
powers:[-0.21328818163783025, 0.6600912071221259, -0.02781075925616916, 0.02801354373563303, 0.8784371348109548, -0.8206983760976589, 0.7052980774813367, -0.10114623692351121]   Accuracy:0.6257982120051085
powers:[-0.5483358919896597, -0.06232657348523851, -0.8737379840105526, 0.1370977111496965, -0.232286848961738, 0.6659649302603505, -0.22942168778538807, -0.037583535546592106]   Accuracy:0.611749680715198
powers:[-0.5641555641214546, 0.7613166418785948, -0.44168153066183513, -0.9271734415906092, -0.12715194878165437, 0.30030764426599443, 0.4457427846193478, 0.828666753795775]   Accuracy:0.6245210727969349
powers:[-0.62480699848132, 0.22244086463358181, 0.897879114057569, 0.17933766265993278, 0.01990356384280334, -0.9938215795810048, -0.6130657067169418, 0.21303147698262404]   Accuracy:0.6155810983397191
powers:[0.8508024113037223, -0.7993262963610419, -0.6107557073897292, 0.24233802377973102, -0.1327492584381491, 0.06421739393794645, 0.4428578522523685, -0.8330284911857242]   Accuracy:0.6197318007662835
BEST:  [-0.21328818163783025, 0.6600912071221259, -0.02781075925616916, 0.02801354373563303, 0.8784371348109548, -0.8206983760976589, 0.7052980774813367, -0.10114623692351121]   Accuracy:0.6257982120051085
powers:[0.39132545017162945, 0.48022598657124194, 0.9980941176653417, -0.6561376717991227, 0.5883903847392276, -0.2906547657650256, 0.7126971806796036, 0.3072033744881857]K:27Accuracy:0.6098339719029374
powers:[-0.6161212566275927, -0.8620035714731911, 0.07675906372713204, -0.6435132671473875, 0.15171365853800167, 0.6061786069123818, -0.9996940683314541, -0.9699280518732083]K:4Accuracy:0.5871647509578544
powers:[0.014579220917316338, -0.16333793456947698, -0.5744599460778186, -0.671155029412658, 0.9933803113510757, 0.23090997620020604, 0.8289366256164028, -0.20858358779572717]K:7Accuracy:0.5992975734355045
powers:[0.8074545560827346, -0.12434136715826427, 0.26872667248038007, -0.5527463553618022, -0.049252341706996106, 0.06969195373745918, -0.7995793130653626, 0.39192724707365256]K:24Accuracy:0.6171775223499362
powers:[0.2304249929570925, 0.8709010485618698, -0.7818694466190423, -0.905899400423432, -0.9506967354887221, 0.7281621130926799, -0.4280773227295964, 0.31303412097747785]K:13Accuracy:0.6309067688378033
BEST:  [0.2304249929570925, 0.8709010485618698, -0.7818694466190423, -0.905899400423432, -0.9506967354887221, 0.7281621130926799, -0.4280773227295964, 0.31303412097747785]K:13    Accuracy:0.6309067688378033
powers:[-0.0804315588681237, 0.06133728863515464, -0.7571011887682157, -0.31010409530835115, 0.5747599889628505, 0.2538084759148671, -0.691793334858924, -0.10157809488474001]K:7   Accuracy:0.6040868454661558
powers:[-0.811984232013991, -0.1982669102969954, -0.7733757636005174, -0.5534525374920964, 0.10660392058735169, -0.002568839072904616, 0.3371421188862449, 0.949403289312422]K:28   Accuracy:0.6213282247765006
powers:[0.39023037256133497, -0.7581110000718985, -0.2516044657034697, 0.6369508282838925, 0.5979945356944785, -0.3450020214679761, -0.5702558832564217, 0.6363363562121713]K:3   Accuracy:0.5862068965517241
powers:[0.4792145171395932, 0.21409110630853778, 0.101979088026394, -0.11222419441765674, -0.8142838218852699, -0.8082631977756012, 0.07907462621003614, 0.9792778018021668]K:26   Accuracy:0.6347381864623244
powers:[-0.20333337847534017, 0.06339582136232025, 0.8531106540490438, 0.4871264477452435, -0.24024836601423516, 0.7546941167410204, -0.14111133619422667, -0.5974035178706891]K:4   Accuracy:0.603448275862069
BEST:  [0.4792145171395932, 0.21409110630853778, 0.101979088026394, -0.11222419441765674, -0.8142838218852699, -0.8082631977756012, 0.07907462621003614, 0.9792778018021668]K:26    Accuracy:0.6347381864623244
powers:[-0.811984232013991, -0.1982669102969954, -0.7733757636005174, -0.5534525374920964, 0.10660392058735169, 0.2538084759148671, -0.691793334858924, -0.10157809488474001]K:7   Accuracy:0.601213282247765
powers:[-0.811984232013991, 0.06133728863515464, -0.7571011887682157, -0.31010409530835115, 0.5747599889628505, -0.002568839072904616, -0.691793334858924, -0.10157809488474001]K:7   Accuracy:0.5830140485312899
BEST:  [0.3301182720856557, 0.164918423262721, 0.117121934464949, -0.11633847296426716, -0.870200354600476, -0.864556217763493, 0.09591032479628663, 0.8837162127901762]K:26    Accuracy:0.6347381864623244
powers:[-0.07663544031477407, 0.08694609567443728, -0.7668695555228409, -0.11633847296426716, -0.870200354600476, -0.864556217763493, 0.09591032479628663, 0.8837162127901762]K:26   Accuracy:0.6379310344827587
powers:[0.3301182720856557, 0.08694609567443728, -0.7668695555228409, -0.2540912572514999, 0.7212814655955471, -0.864556217763493, 0.09591032479628663, -0.10473097531536178]K:7   Accuracy:0.611749680715198
BEST:  [-0.07663544031477407, 0.08694609567443728, -0.7668695555228409, -0.11633847296426716, -0.870200354600476, -0.864556217763493, 0.09591032479628663, 0.8837162127901762]K:26    Accuracy:0.6379310344827587
powers:[-0.06223997293616848, 0.07020795908605557, -0.7356615305008474, -0.11633847296426716, 0.6698359930909102, -0.864556217763493, -1.0871640351744705, -0.08810368023481571]K:7   Accuracy:0.6146232439335888
