powers: [-1, -1, -1, -1, -1, -1, -1, -1]accuracy: 0.5941890166028098
powers: [-1, -1, -1, -1, -1, -1, -1, -0.9]accuracy: 0.5916347381864623
powers: [-1, -1, -1, -1, -1, -1, -1, -0.8]accuracy: 0.5865261813537676
powers: [-1, -1, -1, -1, -1, -1, -1, -0.7000000000000001]accuracy: 0.5897190293742018
powers: [-1, -1, -1, -1, -1, -1, -1, -0.6000000000000001]accuracy: 0.5922733077905492
powers: [-1, -1, -1, -1, -1, -1, -1, -0.5000000000000001]accuracy: 0.5945083014048531
powers: [-1, -1, -1, -1, -1, -1, -1, -0.40000000000000013]accuracy: 0.5903575989782887
powers: [-1, -1, -1, -1, -1, -1, -1, -0.30000000000000016]accuracy: 0.5935504469987228
powers: [-1, -1, -1, -1, -1, -1, -1, -0.20000000000000015]accuracy: 0.586845466155811
powers: [-1, -1, -1, -1, -1, -1, -1, -0.10000000000000014]accuracy: 0.5852490421455939
powers: [-1, -1, -1, -1, -1, -1, -1, -1.3877787807814457e-16]accuracy: 0.5849297573435505
powers: [-1, -1, -1, -1, -1, -1, -1, 0.09999999999999987]accuracy: 0.5852490421455939
powers: [-1, -1, -1, -1, -1, -1, -1, 0.19999999999999987]accuracy: 0.586845466155811
powers: [-1, -1, -1, -1, -1, -1, -1, 0.2999999999999999]accuracy: 0.5935504469987228
powers: [-1, -1, -1, -1, -1, -1, -1, 0.3999999999999999]accuracy: 0.5903575989782887
powers: [-1, -1, -1, -1, -1, -1, -1, 0.4999999999999999]accuracy: 0.5945083014048531
powers: [-1, -1, -1, -1, -1, -1, -1, 0.5999999999999999]accuracy: 0.5922733077905492
powers: [-1, -1, -1, -1, -1, -1, -1, 0.6999999999999998]accuracy: 0.5897190293742018
powers: [-1, -1, -1, -1, -1, -1, -1, 0.7999999999999998]accuracy: 0.5865261813537676
powers: [-1, -1, -1, -1, -1, -1, -1, 0.8999999999999998]accuracy: 0.5916347381864623
powers: [-1, -1, -1, -1, -1, -1, -1, 0.9999999999999998]accuracy: 0.5941890166028098
powers: [-1, -1, -1, -1, -1, -1, -0.9, -1]accuracy: 0.5957854406130269
powers: [-1, -1, -1, -1, -1, -1, -0.9, -0.9]accuracy: 0.5957854406130269
powers: [-1, -1, -1, -1, -1, -1, -0.9, -0.8]accuracy: 0.5919540229885057
powers: [-1, -1, -1, -1, -1, -1, -0.9, -0.7000000000000001]accuracy: 0.5874840357598978
powers: [-1, -1, -1, -1, -1, -1, -0.9, -0.6000000000000001]accuracy: 0.592911877394636
powers: [-1, -1, -1, -1, -1, -1, -0.9, -0.5000000000000001]accuracy: 0.5922733077905492
powers: [-1, -1, -1, -1, -1, -1, -0.9, -0.40000000000000013]accuracy: 0.5878033205619413
powers: [-1, -1, -1, -1, -1, -1, -0.9, -0.30000000000000016]accuracy: 0.5881226053639846
powers: [-1, -1, -1, -1, -1, -1, -0.9, -0.20000000000000015]accuracy: 0.5849297573435505
